10	 6193107	24749	 12349	 13560	
20	 4551041	18141	 6349	 7560	
30	 985956		28616	 4429	 5640	
40	 1818470	21804	 3349	 4560	
50	 2359199	19997	 2749	 3960	
60	 2156968	20058	 2389	 3600	
70	 2066994	19361	 2149	 3360	
80	 1801211	16942	 1909	 3120	
90	 479318		20046	 1789	 3000	
100	 1059254	20060	 1549	 2760	
110	 1439932	18220	 1549	 2760	
120	 1237233	17611	 1429	 2640	
130	 1403680	21029	 1309	 2520
150	 922086		19964	 1189	 2400	
150	 922086		19964	 1189	 2400	
160	 339417		18496	 1189	 2400	
170	 722515		17915	 1069	 2280	
180	 161959		10724	 1069	 2280	
190	 623786		15573	 1069	 2280	
200	 678416		17067	 949	 2160	
210	 450573		18951	 949	 2160	
220	 176291		13734	 949	 2160	
230	 806117		16856	 949	 2160	
240	 407581		16891	 949	 2160	
250	 650720		16833	 829	 2040	
260	 252453		17843	 829	 2040	
270	 697366		15749	 829	 2040	
280	 614332	10501	 829	 2040	
290	 409120	17507	 829	 2040	
300	 754321	17648	 829	 2040	
310	 525205	18436	 829	 2040	
320	 341660	11484	 829	 2040	
330	 593990	18111	 829	 2040	
340	 219601	16890	 709	 1920	
350	 1491225	14965	 709	 1920	
360	 419147	15764	 709	 1920	
370	 138569	6338	 709	 1920	
380	 536583	16423	 709	 1920	
390	 91296	5753	 709	 1920	
400	 511108	16741	 709	 1920	
410	 179012	12415	 709	 1920	
420	 295344	12007	 709	 1920	
430	 697186	9858	 709	 1920	
440	 397253	15993	 709	 1920	
450	 179984	13415	 709	 1920	
460	 522959	17543	 709	 1920	
470	 644887	14346	 709	 1920	
480	 156806	13066	 709	 1920	
490	 95478	5365	 709	 1920	
500	 384983	15085	 589	 1800	
510	 510955	9937	 589	 1800	
520	 502995	18092	 589	 1800	
530	 84799	5247	 589	 1800	
540	 301190	14181	 589	 1800	
550	 419732	16155	 589	 1800	
560	 413098	16156	 589	 1800	
570	 353712	15154	 589	 1800	
580	 440929	17859	 589	 1800	
590	 244512	18053	 589	 1800	
600	 628723	16428	 589	 1800	
610	 83365	4884	 589	 1800	
620	 82433	4593	 589	 1800	
630	 82559	5690	 589	 1800	
640	 82871	5319	 589	 1800	
650	 81678	4485	 589	 1800	
660	 104668	5374	 589	 1800	
670	 81508	4792	 589	 1800	
680	 118869	5731	 589	 1800	
690	 111520	6244	 589	 1800	
700	 81222	4500	 589	 1800	
710	 80452	4672	 589	 1800	
720	 82730	4586	 589	 1800	
730	 82658	4820	 589	 1800	
740	 82956	5275	 589	 1800	
750	 82621	4419	 589	 1800	
760	 80206	5030	 589	 1800	
770	 82960	5174	 589	 1800	
780	 91773	5967	 589	 1800	
790	 83445	4832	 589	 1800	
800	 82961	4554	 589	 1800	
810	 84394	5404	 589	 1800	
820	 83161	4445	 589	 1800	
830	 82382	5323	 589	 1800	
840	 108678	6196	 589	 1800	
850	 118898	8565	 589	 1800	
860	 83878	4670	 589	 1800	
870	 80714	4522	 589	 1800	
880	 82136	4623	 589	 1800	
890	 82430	4456	 589	 1800	
900	 80694	4665	 589	 1800	
910	 84151	4753	 589	 1800	
920	 84393	4987	 589	 1800	
930	 91021	5106	 589	 1800	
940	 89758	5798	 589	 1800	
950	 81186	4710	 589	 1800	
960	 80668	4464	 589	 1800	
970	 81198	4239	 589	 1800	
980	 79929	4323	 589	 1800	
990	 86391	4647	 589	 1800	
