10	 3434211	484167
20	 1886382	421246
30	 1403345	387212
40	 1118479	363843
50	 1006782	358471
60	 888897	357318
70	 781459	296227
80	 674608	255191
90	 678246	276232
100	 576920	238172
110	 567186	222717
120	 488948	179380
130	 464364	182633
140	 503294	207706
150	 430499	176124
160	 427652	170376
170	 366071	140003
180	 391863	139081
190	 406815	153741
200	 315071	118552
210	 346142	119755
220	 356670	132138
230	 321485	125258
240	 358206	132213
250	 270687	101214
260	 275422	104477
270	 307991	117480
280	 289034	110879
290	 284517	115264
300	 284982	112144
310	 302765	129185
320	 294111	124231
330	 306639	136958
340	 244549	96755
350	 268455	103767
360	 250482	108957
370	 246849	105453
380	 285245	118791
390	 290911	123228
400	 259382	116913
410	 259418	117823
420	 690815	181413
430	 1050000	189293
440	 265749	125103
450	 300013	133050
460	 282537	140148
470	 274726	129753
480	 274618	132058
490	 306719	141820
500	 207503	94267
510	 230820	96763
520	 211238	98696
530	 248614	103321
540	 217296	101191
550	 240644	113970
560	 253284	112955
570	 226918	107347
580	 223904	110123
590	 221785	104015
600	 220212	107952
610	 227855	113546
620	 281771	139315
630	 228590	115152
640	 234280	119576
650	 240882	117792
660	 232041	114090
670	 254744	119213
680	 247328	115510
690	 229041	117909
700	 251691	133023
710	 242078	127017
720	 292188	145843
730	 269483	143469
740	 242322	129416
750	 240001	127326
760	 247787	133072
770	 246015	132833
780	 245093	132524
790	 261595	144267
800	 256923	141543
810	 256215	140832
820	 260134	141659
830	 263094	146395
840	 255685	141645
850	 261859	148106
860	 281982	148557
870	 294807	152419
880	 273734	159305
890	 268032	153116
900	 273891	161574
910	 277041	156608
920	 269257	154943
930	 277301	162993
940	 525460	224615
950	 623503	217395
960	 281043	168650
970	 285761	170958
980	 285819	170556
990	 317558	174478
