10	 1591528	120209	 64849	 66060	
20	 840066	110694	 32599	 33810	
30	 615875	97812	 22279	 23490	
40	 497603	94682	 16474	 17685	
50	 434299	103898	 13249	 14460	
60	 1617725	91135	 11314	 12525	
70	 317516	54246	 10024	 11235	
80	 313567	77351	 8734	 9945	
90	 302512	78792	 8089	 9300	
100	 270944	75256	 6799	 8010	
110	 246472	54400	 6799	 8010	
120	 270669	63568	 6154	 7365	
130	 235937	68851	 5509	 6720	
140	 215547	47484	 5509	 6720	
150	 224140	71429	 4864	 6075	
160	 222878	63768	 4864	 6075	
170	 213743	48334	 4219	 5430	
180	 193773	54442	 4219	 5430	
190	 192891	54261	 4219	 5430	
200	 170223	44211	 3574	 4785	
210	 177338	50603	 3574	 4785	
220	 179026	53107	 3574	 4785	
230	 174158	49216	 3574	 4785	
240	 202457	53436	 3574	 4785	
250	 155167	42781	 2929	 4140	
260	 161328	50673	 2929	 4140	
270	 152673	40406	 2929	 4140	
280	 147701	35455	 2929	 4140	
290	 143851	32092	 2929	 4140	
300	 208433	58530	 2929	 4140	
310	 145514	34726	 2929	 4140	
320	 152422	37364	 2929	 4140	
330	 149468	37873	 2929	 4140	
340	 133241	34194	 2284	 3495	
350	 134215	27558	 2284	 3495	
360	 123089	24829	 2284	 3495	
370	 128294	27432	 2284	 3495	
380	 125613	25705	 2284	 3495	
390	 122349	23366	 2284	 3495	
400	 135293	30834	 2284	 3495	
410	 151093	29669	 2284	 3495	
420	 162518	39170	 2284	 3495	
430	 129028	30172	 2284	 3495	
440	 142782	42960	 2284	 3495	
450	 132490	34262	 2284	 3495	
460	 166204	50575	 2284	 3495	
470	 167709	39660	 2284	 3495	
480	 134847	34524	 2284	 3495	
490	 126033	28288	 2284	 3495	
500	 118704	31759	 1639	 2850	
510	 115733	30554	 1639	 2850	
520	 113291	28316	 1639	 2850	
530	 135427	46796	 1639	 2850	
540	 113250	25618	 1639	 2850	
550	 111269	25549	 1639	 2850	
560	 118408	31471	 1639	 2850	
570	 117355	31075	 1639	 2850	
580	 122817	37165	 1639	 2850	
590	 362385	76402	 1639	 2850	
600	 646959	79386	 1639	 2850	
610	 301014	32107	 1639	 2850	
620	 129236	23077	 1639	 2850	
630	 122307	30996	 1639	 2850	
640	 141663	33400	 1639	 2850	
650	 119915	27511	 1639	 2850	
660	 116225	31121	 1639	 2850	
670	 126099	39083	 1639	 2850	
680	 119095	31394	 1639	 2850	
690	 113886	31066	 1639	 2850	
700	 114477	28792	 1639	 2850	
710	 117991	31373	 1639	 2850	
720	 146601	33468	 1639	 2850	
730	 123895	32206	 1639	 2850	
740	 114757	28012	 1639	 2850	
750	 118991	31628	 1639	 2850	
760	 115245	28181	 1639	 2850	
770	 114514	28229	 1639	 2850	
780	 152939	35622	 1639	 2850	
790	 138338	29512	 1639	 2850	
800	 134405	39576	 1639	 2850	
810	 116148	30295	 1639	 2850	
820	 115197	31627	 1639	 2850	
830	 124275	33551	 1639	 2850	
840	 162084	30441	 1639	 2850	
850	 112025	28077	 1639	 2850	
860	 119944	28275	 1639	 2850	
870	 115263	28184	 1639	 2850	
880	 112934	28026	 1639	 2850	
890	 113203	28055	 1639	 2850	
900	 119429	33738	 1639	 2850	
910	 113247	28330	 1639	 2850	
920	 115673	31093	 1639	 2850	
930	 145584	41711	 1639	 2850	
940	 119373	33330	 1639	 2850	
950	 114219	28097	 1639	 2850	
960	 138390	34566	 1639	 2850	
970	 146041	31469	 1639	 2850	
980	 123602	34955	 1639	 2850	
990	 120203	31244	 1639	 2850	
