10	 1545952	119567
20	 863206	110497
30	 623005	106724
40	 512143	97922
50	 429043	94134
60	 402501	90161
70	 342119	86306
80	 326764	85798
90	 306960	85500
100	 266009	74051
110	 309601	79870
120	 263065	84850
130	 247789	74142
140	 245577	78580
150	 220958	70325
160	 214516	63638
170	 187921	52680
180	 231787	65904
190	 232960	64695
200	 180025	54561
210	 175666	50815
220	 188688	63862
230	 176586	51751
240	 188918	64502
250	 161504	46770
260	 650128	99417
270	 648050	98654
280	 152872	43751
290	 155537	45174
300	 157319	46001
310	 166689	45395
320	 165693	51026
330	 170330	60154
340	 137171	38942
350	 138869	38964
360	 182242	64035
370	 144066	39258
380	 135158	38857
390	 134648	35992
400	 149231	51790
410	 145969	30509
420	 158412	34629
430	 147419	43080
440	 139390	41894
450	 162772	49641
460	 139800	42146
470	 190153	76035
480	 161821	36550
490	 146524	46652
500	 114521	31448
510	 114145	32399
520	 116461	32697
530	 118172	33170
540	 127070	28881
550	 144479	45344
560	 126467	39342
570	 127534	40618
580	 126002	32178
590	 150642	47981
600	 121214	37853
610	 121076	38095
620	 121878	38335
630	 119169	35748
640	 137386	30850
650	 159274	49923
660	 121659	37089
670	 126301	42206
680	 122334	38495
690	 129282	43214
700	 126042	40302
710	 162542	53367
720	 153643	52258
730	 124560	41150
740	 137679	34550
750	 126294	42062
760	 127073	42571
770	 126785	43039
780	 130784	43521
790	 133776	49449
800	 394416	89527
810	 815743	75944
820	 156865	44529
830	 153891	68007
840	 131799	47064
850	 135424	51522
860	 271902	81019
870	 171878	52352
880	 243335	77108
890	 170555	46217
900	 127522	42876
910	 127556	42221
920	 239138	72377
930	 202446	42744
940	 279985	77118
950	 148668	53824
960	 232092	81794
970	 216927	71582
980	 223732	82166
990	 237434	82061
