10	 1051911	30228
20	 548737	20070
30	 444824	21780
40	 339832	21870
50	 254348	12521
60	 243555	15506
70	 216126	17055
80	 199887	14001
90	 193282	21887
100	 163471	15379
110	 192263	15107
120	 152192	14109
130	 174335	10232
140	 144741	13512
150	 122071	3554
160	 128204	8881
170	 122119	10184
180	 122826	9389
190	 135161	10924
200	 113934	8706
210	 142020	10772
220	 111720	8281
230	 135924	12713
240	 142457	12672
250	 345183	15474
260	 461270	9893
270	 100357	5493
280	 100976	6933
290	 102384	7195
300	 101061	7411
310	 99599	7431
320	 101679	9775
330	 113616	6989
340	 90304	5617
350	 121325	5854
360	 89325	5921
370	 95426	7620
380	 90793	6667
390	 91595	7234
400	 90336	6636
410	 91810	6976
420	 92718	8014
430	 95775	7302
440	 91805	6475
450	 90042	7746
460	 92759	7627
470	 93052	8342
480	 117146	11736
490	 102773	11397
500	 80181	4700
510	 80427	5037
520	 123791	6134
530	 80654	4944
540	 109232	7293
550	 80750	5169
560	 81220	6045
570	 81195	5627
580	 105631	5636
590	 83871	4938
600	 87055	6825
610	 91219	13495
620	 93052	7150
630	 81628	5972
640	 81369	5633
650	 81953	6330
660	 80729	5966
670	 87137	5628
680	 104782	6529
690	 82947	6876
700	 83940	6638
710	 83926	7540
720	 82193	6992
730	 84199	7851
740	 81704	7109
750	 94766	7594
760	 83477	7143
770	 83346	7333
780	 85677	8541
790	 106751	8319
800	 85686	7942
810	 494218	28525
820	 401112	29258
830	 87650	9287
840	 82195	8219
850	 93142	10319
860	 83200	8834
870	 82870	8063
880	 83566	9003
890	 85587	9176
900	 116949	13578
910	 86989	9630
920	 88581	10108
930	 85384	9149
940	 109531	8957
950	 122646	19440
960	 112216	10173
970	 83353	8469
980	 108587	8188
990	 86832	7452
