10	 13370324	11359087
20	 12213305	11044805
30	 11681349	10873035
40	 11496115	10835623
50	 11409396	10841118
60	 11211042	10761374
70	 11141085	10738337
80	 11559443	10763193
90	 11040805	10682240
100	 10966190	10659853
110	 10948123	10655641
120	 10922541	10636760
130	 10898917	10647385
140	 10938540	10649137
150	 10910516	10640647
160	 10903551	10676356
170	 11016664	10621541
180	 11183491	10631154
190	 10839250	10636427
200	 10809665	10631879
210	 10834609	10641371
220	 10864900	10641258
230	 10828939	10632434
240	 10840713	10646625
250	 10782171	10601681
260	 10792477	10632150
270	 10975055	10685665
280	 10764125	10608331
290	 10819759	10607136
300	 10783370	10623443
310	 10786791	10623448
320	 10804252	10615514
330	 10782076	10608285
340	 10785561	10626984
350	 10782597	10626914
360	 10971881	10706863
370	 10758969	10617673
380	 10783612	10648059
390	 10787749	10643883
400	 10805779	10655083
410	 10776658	10640413
420	 10769547	10622350
430	 10748378	10606318
440	 10755006	10594218
450	 10945004	10623768
460	 10931702	10605674
470	 10769391	10613520
480	 10736533	10593054
490	 10754199	10614182
500	 10723738	10609833
510	 10741938	10626192
520	 10721513	10598999
530	 10754995	10634439
540	 10810221	10666756
550	 10846906	10680688
560	 10729103	10595365
570	 10774986	10657847
580	 10759197	10631672
590	 10690951	10571911
600	 10736516	10618929
610	 10743408	10620145
620	 10717112	10596881
630	 10724724	10593586
640	 10824275	10604946
650	 10748358	10627569
660	 10713375	10593739
670	 10753775	10609832
680	 10756742	10616128
690	 10760435	10611959
700	 10711641	10593384
710	 10713120	10594541
720	 10735563	10579017
730	 10693644	10576324
740	 10927227	10630559
750	 10747609	10613088
760	 10716612	10598242
770	 10761636	10616127
780	 10717822	10598950
790	 10745645	10623431
800	 10779880	10616056
810	 10721769	10602438
820	 10748879	10611806
830	 10744416	10630209
840	 10706020	10585081
850	 10734090	10587172
860	 10719029	10599573
870	 10706173	10586999
880	 10825977	10595118
890	 10718795	10590987
900	 10730380	10594967
910	 10743720	10597392
920	 10712856	10597267
930	 10973814	10682496
940	 10742688	10620967
950	 10716559	10578542
960	 10716316	10596541
970	 10795371	10660510
980	 10704934	10585794
990	 10712557	10595189
