10	 12339455	10415246	 0	 1680009	
20	 11545801	10425217	 0	 840959	
30	 11364235	10552484	 0	 572463	
40	 11232958	10612379	 0	 421434	
50	 11098674	10592227	 0	 337529	
60	 11049688	10604986	 0	 287186	
70	 11560428	10774697	 0	 253624	
80	 10956289	10597886	 0	 220062	
90	 10952623	10603677	 0	 203281	
100	 10917167	10617585	 0	 169719	
110	 10915621	10604060	 0	 169719	
120	 10895179	10627621	 0	 152938	
130	 10876200	10617573	 0	 136157	
140	 10851066	10590874	 0	 136157	
150	 10881404	10621612	 0	 119376	
160	 11420498	10777769	 0	 119376	
170	 10871072	10609973	 0	 102595	
180	 10841975	10634747	 0	 102595	
190	 10839498	10629480	 0	 102595	
200	 10797404	10616594	 0	 85814	
210	 10833372	10651924	 0	 85814	
220	 10848614	10647640	 0	 85814	
230	 10868835	10684700	 0	 85814	
240	 10839025	10654430	 0	 85814	
250	 10863903	10669519	 0	 69033	
260	 11024522	10668747	 0	 69033	
270	 10769799	10612388	 0	 69033	
280	 10848865	10688332	 0	 69033	
290	 10877158	10719794	 0	 69033	
300	 10844196	10670856	 0	 69033	
310	 10851334	10688576	 0	 69033	
320	 10852125	10680544	 0	 69033	
330	 10836050	10679294	 0	 69033	
340	 10807463	10664572	 0	 52252	
350	 11161492	10699254	 0	 52252	
360	 10801088	10664125	 0	 52252	
370	 10851635	10702202	 0	 52252	
380	 10803082	10663500	 0	 52252	
390	 10812666	10675751	 0	 52252	
400	 10872943	10735618	 0	 52252	
410	 10809650	10669704	 0	 52252	
420	 10874229	10738572	 0	 52252	
430	 10806741	10671809	 0	 52252	
440	 10939565	10730348	 0	 52252	
450	 10852324	10711837	 0	 52252	
460	 10842527	10696811	 0	 52252	
470	 10827175	10684931	 0	 52252	
480	 10809913	10668986	 0	 52252	
490	 10736314	10594788	 0	 52252	
500	 10743700	10622337	 0	 35471	
510	 10786823	10666670	 0	 35471	
520	 10828943	10709628	 0	 35471	
530	 10865899	10674844	 0	 35471	
540	 10744143	10607908	 0	 35471	
550	 10755257	10620952	 0	 35471	
560	 10745438	10625196	 0	 35471	
570	 10949896	10809343	 0	 35471	
580	 10800602	10686128	 0	 35471	
590	 10841959	10719054	 0	 35471	
600	 10839495	10717257	 0	 35471	
610	 10828239	10696550	 0	 35471	
620	 10856489	10737151	 0	 35471	
630	 10889024	10770153	 0	 35471	
640	 10819849	10698975	 0	 35471	
650	 10807488	10688951	 0	 35471	
660	 10812669	10692297	 0	 35471	
670	 10809222	10686442	 0	 35471	
680	 10837299	10719731	 0	 35471	
690	 10910230	10786993	 0	 35471	
700	 10884624	10727142	 0	 35471	
710	 10818074	10702269	 0	 35471	
720	 10971557	10787184	 0	 35471	
730	 10862878	10746375	 0	 35471	
740	 10765606	10648656	 0	 35471	
750	 10820655	10699120	 0	 35471	
760	 10944254	10726509	 0	 35471	
770	 10910734	10719339	 0	 35471	
780	 10971315	10710942	 0	 35471	
790	 10754755	10636124	 0	 35471	
800	 10838548	10707768	 0	 35471	
810	 10838027	10712451	 0	 35471	
820	 10801581	10677018	 0	 35471	
830	 10879906	10757018	 0	 35471	
840	 10850379	10732261	 0	 35471	
850	 10846929	10726243	 0	 35471	
860	 11258583	11118089	 0	 35471	
870	 10970815	10852739	 0	 35471	
880	 10877972	10753605	 0	 35471	
890	 10834114	10716055	 0	 35471	
900	 10994974	10703096	 0	 35471	
910	 11274132	10794615	 0	 35471	
920	 10851851	10731753	 0	 35471	
930	 10830115	10697518	 0	 35471	
940	 10867637	10750355	 0	 35471	
950	 10844438	10725626	 0	 35471	
960	 10871285	10749706	 0	 35471	
970	 10859699	10735101	 0	 35471	
980	 10857986	10733971	 0	 35471	
990	 10847868	10722034	 0	 35471	
